# gpu     sm    mem    enc    dec    jpg    ofa 
# Idx      %      %      %      %      %      % 
    0      0      0      0      0      0      0 
    1      0      0      0      0      0      0 
    0      0      0      0      0      0      0 
    1      0      0      0      0      0      0 
    0      0      0      0      0      0      0 
    1      0      0      0      0      0      0 
    0      0      0      0      0      0      0 
    1      0      0      0      0      0      0 
    0      0      0      0      0      0      0 
    1      0      0      0      0      0      0 
    0      0      0      0      0      0      0 
    1      0      0      0      0      0      0 
    0      0      0      0      0      0      0 
    1      0      0      0      0      0      0 
    0      3      0      0      0      0      0 
    1      2      0      0      0      0      0 
    0     76      1      0      0      0      0 
    1      0      0      0      0      0      0 
    0     99      3      0      0      0      0 
    1     82      1      0      0      0      0 
    0    100      9      0      0      0      0 
    1    100     11      0      0      0      0 
    0    100      9      0      0      0      0 
    1    100     11      0      0      0      0 
    0    100      9      0      0      0      0 
    1    100     10      0      0      0      0 
    0    100      9      0      0      0      0 
    1    100     10      0      0      0      0 
    0    100      9      0      0      0      0 
    1    100     11      0      0      0      0 
    0    100      9      0      0      0      0 
    1    100     10      0      0      0      0 
    0    100      9      0      0      0      0 
    1    100      9      0      0      0      0 
    0    100      7      0      0      0      0 
    1    100     10      0      0      0      0 
    0     99      5      0      0      0      0 
    1    100     11      0      0      0      0 
    0     19      0      0      0      0      0 
    1     71      2      0      0      0      0 
    0      0      0      0      0      0      0 
    1      0      0      0      0      0      0 
    0      0      0      0      0      0      0 
    1      0      0      0      0      0      0 
# gpu     sm    mem    enc    dec    jpg    ofa 
# Idx      %      %      %      %      %      % 
    0      1      0      0      0      0      0 
    1      2      0      0      0      0      0 
    0     48      0      0      0      0      0 
    1     99      3      0      0      0      0 
    0     99      4      0      0      0      0 
    1     99      5      0      0      0      0 
    0    100     10      0      0      0      0 
    1    100      9      0      0      0      0 
    0    100     10      0      0      0      0 
    1    100     10      0      0      0      0 
    0     95      2      0      0      0      0 
    1    100      7      0      0      0      0 
    0    100      9      0      0      0      0 
    1    100     10      0      0      0      0 
    0    100     10      0      0      0      0 
    1    100     11      0      0      0      0 
    0    100     10      0      0      0      0 
    1    100     10      0      0      0      0 
    0     98      8      0      0      0      0 
    1    100     11      0      0      0      0 
    0    100      9      0      0      0      0 
    1    100     11      0      0      0      0 
    0    100      9      0      0      0      0 
    1    100      7      0      0      0      0 
    0    100      6      0      0      0      0 
    1     99      4      0      0      0      0 
    0      0      0      0      0      0      0 
    1      0      0      0      0      0      0 
    0      0      0      0      0      0      0 
    1      0      0      0      0      0      0 
    0      7      0      0      0      0      0 
    1      6      0      0      0      0      0 
    0     90      0      0      0      0      0 
    1     76      0      0      0      0      0 
    0     35      0      0      0      0      0 
    1      2      0      0      0      0      0 
    0    100      9      0      0      0      0 
    1    100     10      0      0      0      0 
    0    100     10      0      0      0      0 
    1    100     11      0      0      0      0 
    0    100     10      0      0      0      0 
    1    100     11      0      0      0      0 
    0    100     10      0      0      0      0 
    1    100     11      0      0      0      0 
# gpu     sm    mem    enc    dec    jpg    ofa 
# Idx      %      %      %      %      %      % 
    0    100     10      0      0      0      0 
    1    100     11      0      0      0      0 
    0    100     10      0      0      0      0 
    1    100     11      0      0      0      0 
    0    100      9      0      0      0      0 
    1    100     11      0      0      0      0 
    0    100      7      0      0      0      0 
    1    100     10      0      0      0      0 
    0    100      8      0      0      0      0 
    1    100     10      0      0      0      0 
    0    100      5      0      0      0      0 
    1    100      7      0      0      0      0 
    0      0      0      0      0      0      0 
    1      0      0      0      0      0      0 
    0      0      0      0      0      0      0 
    1      0      0      0      0      0      0 
    0      1      0      0      0      0      0 
    1      2      0      0      0      0      0 
    0     48      0      0      0      0      0 
    1     98      4      0      0      0      0 
    0     98      3      0      0      0      0 
    1     99      4      0      0      0      0 
    0    100      8      0      0      0      0 
    1    100     10      0      0      0      0 
    0    100      6      0      0      0      0 
    1    100     10      0      0      0      0 
    0    100     10      0      0      0      0 
    1    100     11      0      0      0      0 
    0    100      9      0      0      0      0 
    1    100     10      0      0      0      0 
    0    100     10      0      0      0      0 
    1    100     10      0      0      0      0 
    0    100     10      0      0      0      0 
    1    100      9      0      0      0      0 
    0    100      8      0      0      0      0 
    1    100     10      0      0      0      0 
    0     85      6      0      0      0      0 
    1     94      6      0      0      0      0 
    0    100     10      0      0      0      0 
    1    100      7      0      0      0      0 
    0    100      5      0      0      0      0 
    1    100      6      0      0      0      0 
    0      6      0      0      0      0      0 
    1      0      0      0      0      0      0 
# gpu     sm    mem    enc    dec    jpg    ofa 
# Idx      %      %      %      %      %      % 
    0      0      0      0      0      0      0 
    1      0      0      0      0      0      0 
    0      0      0      0      0      0      0 
    1      0      0      0      0      0      0 
    0     99      2      0      0      0      0 
    1     63      0      0      0      0      0 
    0     99      4      0      0      0      0 
    1     93      1      0      0      0      0 
    0    100     10      0      0      0      0 
    1    100     10      0      0      0      0 
    0    100      9      0      0      0      0 
    1    100     10      0      0      0      0 
    0    100      8      0      0      0      0 
    1    100     10      0      0      0      0 
    0    100      8      0      0      0      0 
    1    100     11      0      0      0      0 
    0    100     10      0      0      0      0 
    1    100      9      0      0      0      0 
    0    100      9      0      0      0      0 
    1    100     10      0      0      0      0 
    0    100      9      0      0      0      0 
    1    100     10      0      0      0      0 
    0    100      5      0      0      0      0 
    1    100     10      0      0      0      0 
    0    100      7      0      0      0      0 
    1     98      9      0      0      0      0 
    0      9      0      0      0      0      0 
    1     69      1      0      0      0      0 
    0      0      0      0      0      0      0 
    1      0      0      0      0      0      0 
    0      0      0      0      0      0      0 
    1      0      0      0      0      0      0 
    0      0      0      0      0      0      0 
    1      1      0      0      0      0      0 
    0     85      0      0      0      0      0 
    1     94      2      0      0      0      0 
    0     99      3      0      0      0      0 
    1     98      3      0      0      0      0 
    0    100     10      0      0      0      0 
    1    100     11      0      0      0      0 
    0    100     10      0      0      0      0 
    1    100     10      0      0      0      0 
    0    100      8      0      0      0      0 
    1    100     11      0      0      0      0 
# gpu     sm    mem    enc    dec    jpg    ofa 
# Idx      %      %      %      %      %      % 
    0    100      9      0      0      0      0 
    1    100     10      0      0      0      0 
    0    100     10      0      0      0      0 
    1    100     11      0      0      0      0 
    0    100      9      0      0      0      0 
    1     99      7      0      0      0      0 
    0    100      9      0      0      0      0 
    1    100     10      0      0      0      0 
    0     98      6      0      0      0      0 
    1    100      8      0      0      0      0 
    0     99      5      0      0      0      0 
    1     98      7      0      0      0      0 
    0    100      5      0      0      0      0 
    1    100      6      0      0      0      0 
    0      0      0      0      0      0      0 
    1      0      0      0      0      0      0 
    0      0      0      0      0      0      0 
    1      1      0      0      0      0      0 
    0      1      0      0      0      0      0 
    1     58      0      0      0      0      0 
    0     74      0      0      0      0      0 
    1     83      0      0      0      0      0 
    0     99      4      0      0      0      0 
    1    100      7      0      0      0      0 
    0    100      9      0      0      0      0 
    1    100      9      0      0      0      0 
    0    100      9      0      0      0      0 
    1    100     10      0      0      0      0 
    0    100     10      0      0      0      0 
    1    100     11      0      0      0      0 
    0    100      6      0      0      0      0 
    1    100     10      0      0      0      0 
    0    100     10      0      0      0      0 
    1    100     10      0      0      0      0 
    0    100      9      0      0      0      0 
    1    100     11      0      0      0      0 
    0    100      9      0      0      0      0 
    1    100     10      0      0      0      0 
    0    100      9      0      0      0      0 
    1     99      6      0      0      0      0 
    0    100      7      0      0      0      0 
    1    100      9      0      0      0      0 
    0    100      4      0      0      0      0 
    1      9      0      0      0      0      0 
# gpu     sm    mem    enc    dec    jpg    ofa 
# Idx      %      %      %      %      %      % 
    0      2      0      0      0      0      0 
    1      0      0      0      0      0      0 
    0      0      0      0      0      0      0 
    1      1      0      0      0      0      0 
    0      0      0      0      0      0      0 
    1      0      0      0      0      0      0 
    0     99      4      0      0      0      0 
    1     72      0      0      0      0      0 
    0    100      5      0      0      0      0 
    1     43      0      0      0      0      0 
    0    100     10      0      0      0      0 
    1    100     11      0      0      0      0 
    0    100     10      0      0      0      0 
    1    100     11      0      0      0      0 
    0    100      9      0      0      0      0 
    1    100     10      0      0      0      0 
    0    100     10      0      0      0      0 
    1    100     11      0      0      0      0 
    0    100      9      0      0      0      0 
    1    100     11      0      0      0      0 
    0    100      9      0      0      0      0 
    1    100     11      0      0      0      0 
    0    100      9      0      0      0      0 
    1    100     10      0      0      0      0 
    0     99      6      0      0      0      0 
    1    100     10      0      0      0      0 
    0    100      6      0      0      0      0 
    1    100      9      0      0      0      0 
    0     95      1      0      0      0      0 
    1    100      9      0      0      0      0 
    0      0      0      0      0      0      0 
    1      0      0      0      0      0      0 
    0      0      0      0      0      0      0 
    1      0      0      0      0      0      0 
    0      0      0      0      0      0      0 
    1      0      0      0      0      0      0 
    0      0      0      0      0      0      0 
    1      0      0      0      0      0      0 
    0      0      0      0      0      0      0 
    1      0      0      0      0      0      0 
    0      0      0      0      0      0      0 
    1      0      0      0      0      0      0 
    0      0      0      0      0      0      0 
    1      0      0      0      0      0      0 
# gpu     sm    mem    enc    dec    jpg    ofa 
# Idx      %      %      %      %      %      % 
    0      0      0      0      0      0      0 
    1      0      0      0      0      0      0 
    0      0      0      0      0      0      0 
    1      0      0      0      0      0      0 
    0      0      0      0      0      0      0 
    1      0      0      0      0      0      0 
